 83   1   0  13  50 124  93   7  67  76  11 105 181 149   5 100  42 100  30  42  30 100 179  10  22 123  75 124 108 107 212  84 111  99  39  44  41  98  19   5 146 206  61   4 109 117  46   6 101  48  52 143  29 143  82 235 229 131 125  93  95 173 154  29 196 207  47 106   9 138 238 167 106  65  38 151 181  25  27 245 155 147  51   0  89 136  27 167 149  67  93  73  73  73  73  18  75 136 155  70 194  68 151  83 208   6  76  24   1  50   8 238 137   6  19  86  66  88  53 138  50 110   2  71 200  88  59  53 119
 99 220  51  85  57 155 220 179 201 186  45 142 232  83 159 251 205 152 227 205 227 251  64 105  37  19  39 105 229  60 105 163 205  83  60 149  24  19 146  48  85 220 118 167 190 110 253 151 241 188 238  37  24  37 123  35  80  57 149  34  75 246 253 212 236 224 252 202 126 170 101 150 148 243  45 212 131 164 148 234 232 192 241 145 192 178 152 159 118 133 130 162 162 162 162  87 186  51 132  38  88  60  26 132 115 178  83 172 251 179 154 176 233  25 139 228 202 236 142 198 236  86 142 236 110 251 249 141 124
 53   6   8 243 251  79   8 250 105 112  27   8  92 242  14 240 250  27 241 250 241 240 244  72 243 254  36  42 254  44 184  26  62  58 248   6 251  33  30 112 251 240  36   6 251  11  29  34  25 127  18  41  54  41  61 158 168 246  78 115 105   9  19  40 102 217   9  25   6  22 253 242 242 242   3  28 252  42  13   8 243  26 247 244 246 123  24 247  33 117  36 252 252 252 252 240 198  99  80 109 173  30  14  95 128  10  95  77  49 254  14 164 252 104  30 241   1  47 241 249 245  45 241 244   3 111  30  50  28
  0 238 117  64 133 228 229 221 202   7 229 194 230   6 221  76 186   9 145 186 145  76 184 101   2 252 230 124 155 194 204 255 157 226   8 243 116 216  92 191   4 176 153  20 184 244 249 161 113 127 202 205 158 205 165  52 120  97 118 116 216   8 233 142 246  87 254 236 202 185 246 245 168 151 199 181 110 136 135 143 156 170 241 219 218 182 192 224 128 183 238 117 117 117 117  59 248 255 150 249   4 215 215 175   6 231 181 190 162 161 249 201 179 132 216 166   8  10 206 216 211  10 220 241 226 143 207 246 211
  0  13  87   9 237  51 182  45  46 161 185 150 139 229 224 113 113 115 210 113 210 113 165 243 249 231  68  14 240  16 253 136 165  52  40  36  39  18 235 248 249  29  32 248 250  44  58 101  67 224 107  39 183  39 199 228 255 248 233 235 139 168 166 213  32  25  40   4 184 241  34 243 105 222 222 209  94 154 121 209 221 200  39 134 239 251  10  28  49  32 101  55  55  55  55  56 243 111 236   8  21 173 160  71 198 182 227 248 117 231  66 109   5 113  72 254 231 254 232   6  95  76  49 248 231 194  87 185 104
150  14 127 233 148 242 108 191 219 194  86  86 146 185  79 116 253 189 254 253 254 116 197 246  28 255 179 160 216 245 248 199 111   5 155  30 179 199 182   6 235  23  20 163  90 242 215  24  25 208 165  11 228  11 119 187  14   2 204 235 115 134   5 194  14  21   0  29 164   0 179 231 160 165 229   0 238 235 248 234 233  15  24 105 155 171  19 204 184  25  26 124 124 124 124 217 180  31  15  25 199 182 236  13   6   9 209  31 233 245   7  22  25  25  26 215  20 200 202 202 121 199  99 214  76 193 138 104 163
 12  37 254  80  37  46  66 239  19   4  51  18 107  33 243  12 104 236  33 104  33  12 104  57 151  80 153 117 164 254 226 185 138 232 219   1 112 227 115  99 164 144  44 143  57 254 161 162  39 135 178 124 214 124  20 234   0  59  33 254  23  88 110  97   6  60   5 228 229 252 144   7   9 215  99 247 221 227 208  48  64 210 192 227 222  81 211 242 218   4  24 223 223 223 223  37  30 211 247 209   5  33 120  41  12  69 132  87 221 225 215 227 210 223 179  39  39 220  16 216 242 238  31  80 210   0  34  67 119
148 183  45 239 214 236  14 138 242   3  21 123 176 156 230 234  23 242  15  23  15 234 217  44  43 221  24 183 173  45 230   3  46  41  15  40  44 138 194 168  14 244 241  47  31  44 247  34  24   3  40 130 225 130 248 228  20 192  33  10  27  91 250 187  42 155 214 196 179   8   0  47   0 232 245  92 121  39  46 176   0  12  13  28  19 245 247 172  46   2 186  30  30  30  30 227 169 113 150  71 216 124  80 216  13 169  34   0  67 238 187 252  19 121 148 232 233 198 213 128 249 239 229  18  34  41   7 222 234
141  58  93 216 105 117 146  95 165 253 251 165 116   1 165 204 195 225 192 195 192 204 194 252 197 200 199 195 153 160 154  44 227  19 117   1  60  87  11  45  89 141  82 203 238 198  61 236 229 206 223  69 116  69  53 123  78  24  79 251 227  66 252 250 195 232 172 255 100 253 253 165 192 200  49   4 255 208 239 170 242  25 216 204  66 184  75 237 248 136 192 201 201 201 201 158 251  24 165 158  87 209 251   3  11 241 127 131  48  85 248 241 255 204  88 205 249  69 225 198 109 123 104 136  37 209 111 209 208
 23  59  58  13 178  51  56  61 247  34 243 196  34  49 242 208 188 181 106 188 106 208  57  50  13 253  23  52 216  45 197   3 203 254 126 181  50  34 127 178 203 128 162  53  44 100 180  52 247 209  20 243  12 243  57  57  53  53  55 232 138 180  78 195  57  61 199  35  23 229   6  51  40  30   5 199 228 254   5  44  57 182 182 226 135  73 170  31 121 214 190 246 246 246 246  63   2 211 172 113 251  63   7 249  26 140 178  41  92  78  28  18  83  71 121  77 199 163  11  52  39 205  57  37  23 107 188 230 239
 25 193 197 246 183  21 201 117   7 251 235 244   8  37 206  44  41 179  36  41  36  44 196 223 184 189 244 207  37 235 193  17 208 207 192   8 106  20 193   5  26 182 226 196  41  26   7 198  31  59 212 182 193 182  67 198 185  61 244 223 242  70 143  71  94   5 206 121  56 202  69 180 228 198 193 106 103 185  82 117  43 207 187   9  59 217 189  96 189 196 130 130 130 130 130 187 187  14 176 187 198 251 215 181 193 216 198 193 217 194 124 176 204 183 234 183  11 196   1 151 114  95  85  42 106  75 147  13 132
131 196 224 242 213  57 194  93 190 165 154 150 197 224  95 199 123 128 149 123 149 199 200  93   4 198 131   4   9  12 180   3 171 199 139   4 130  92  55 190 252   6  32 212 218  61 134 167   8  12 130 127 231 127  78  55  53   6 146 115  12  44 228 124 202  10  66  65 212  41  89 179  56 199 222 199 224 154  20  63 139 169 197 182 136 116 118 232  53 126  69  79  79  79  79 210  10 169 194 135 136 139 194 193 234  66  57 234 196  48  69 155   4 136 114 120 116 149 149  89  89  54 173  34  57  75  44  45 180
201 182 180 200 183 217 247  31 169 176 254  80 161  13 190 168  26 205 168  26 168 168 163  56 202 252 177 223 170 177 185 180 181 233 238 238 235 183 160 207 160  14 199 185 170 227  13 175 160  43 200 160 185 160 182 190 179 244   0 176 183 217 171 162  97 219 222  40  72 227 229 196  32 248   8  81  99 241  59  81 105  40 251 193  68  69  80 206 255 195 180 176 176 176 176 206  76 204 223  20  32 246 167 236  20 187 213 195 213 200 240   8 167 175  66 176 170 219  53 182  41 219 185  31 167 169 183 202 169
 39  60  67  79  56  46  62 211 241 158  91  38 188  26  49   0 244  43  69 244  69   0  89  33 226   7  26  94 241  24 212  25  77 158 255  59  11  20  51 205  71 142  87  92  71 209  26  36  34  94 188 144   0 144  49 242 153  11 219 219  45  91  94   2  47  77  79  89  69 110  13  68  38  86  78  48 253   2  31  73  22  30 236 215   6 224 249 248  68  73  55  67  67  67  67  35 190 165 205 205  21 177 223 218 230 145  81  20  35  37  61  89   4  56 144  95 194   5 177 112 205  53  62  94  29 237  74  29 249
171 254   7  88  56 184  58  90  20  42 132  24  20 187  91 100 244  44 242 244 242 100 203 175   1 162 183 166  51 160  64  77 211 202  24  75 207  58 230   0  91 208 251 216 175 251  75 154  45  64 183 235 185 235  42 179  80 210 180  94  66 111  47  20 233 245 199  64 254  44  20 181 203 241  18 148 234 190 207 218 188 120  24 202  21 154 255 238 179   3  47  23  23  23  23   7 233 245 185 180 245 196 213 171 230 158   3  44 187 149  20 202 183 244 203 154 207   7  14 202 207 199 138  66 118 132 102 233 118
 57  43 103  49  96  86  60  44  68  50  56 237 169 152 137  66  66  44  66  66  66  66  27   1 101 110  41  52  80  61  99  50 193  20 158   2  32  80   7  31  42  48   3  43  84 108 217 134 174 105 174  40  28  40 193  61  57  84 103 100  77  24  18  35 160  23 232 170  91 103  28 185 171 226 108  44 250 235  86  84  60  61 208  91  24  83  64  62 217  91 221 186 186 186 186 108  19  19  34 240 197  19 150 151 198  97  75  84  33  47  60 176  69 232 202 221 121 222  88 242  99 157  44  72  82  50  68  94 218
  8 172 134 139 241  29 170 143 189  30  17 144 191  25 202  75 139 194 231 139 231  75 151  47 165  10 131 244 131 130 214 227 206 224 163 142 146 188 136 194 162 228 153 219  16  16 172 243  95  75  56 237 206 237 141 164 191  17 193 189 146 147 226 165 166 123 193 135  30 108 155  45  83  32 165 150 225 128  59   3  21 175 163 232 130 202  26   0 166 187 252  69  69  69  69 129 133 196 144 187 131 209 165 168 196  56 171 134 197 248 143  29 208 168 235 135 153 216 160 131 131 171  32  84 169  84  75  44 229
107 111  48 126 241  48 255  15 254 108  88  66  90 112 230 109 111  76 114 111 114 109  45  87 121 118 229 213 240  46  15 125 112  38  67 175 192  19 110   0  84  86 166  94  58 126  97 241  43  40  77 114 127 114 255 106 109  66  33 108 109  67 106 124 111  92  65 186  94 203 112  19 113 244 245 227 243 242  56 187 250 124 202  26 206  27  46  74  38 123  82  15  15  15  15 123 110  47 173  98  49 110  91  11  89  77  90 106  47  63 215  35  41 249 218 251 125  51 237 197  37  65 113  91  78  82 126 125 115
237 220 119 137 142 184 134 253 185 176 127 149 253  51 132 185 139 205 116 139 116 185 148  36   1 177 147 233 238  44 148 134 193 134 133  62 181 181  17 164 123  66  79  53 129 150 205 177 218 170 134 133 114 133 148 137 180 171  51 247 137 222   7 129  87  95  20  30 205 144 129  88 127 156 165 138 183 180 128 122 209 218 225 165 176 179 238 131 137 123 116   7   7   7   7 203 139 200 115 205 112 140 151 145 112 190  45 233 185 117   3 206  67  39  47  85 221  68 177   7  53 168   3 152 181 119 234 147 138
 80 134   9 135  25  78 113 116 122  52 132  97  97 232  97 251  47 204 101  47 101 251  89  29 202 228 137 225  37  99 244 247  73  17  19 136 118 212  81 233 233  24 107  42 131  78 195 123  13 110 116  78 152  78  16 216 105  76 186  23 169 239 255  74 173  99 134  44  68 141  81 172 134 102  33 115  49  66 100  11   1 126 137  82  93  94  57  96  89  55  63 221 221 221 221  80  79  46 225  80 119 112 194 107   0  30  68 117  50 117  63 233  71 135  88 117  24  90 109  76 159  29 133   0  92 135 247 248  16
124 132 222 206 184 153 151 130 173 114 167 189 129 108 111  98 131 148 104 131 104  98 199 219 165 178 145 115 190 114 106 182 205 194 151 133 195 128 241 193 130 197 128 103 129 160 122 140 134 199 160 246 210 246  16  47  57  47  47 249 105 155 235 137  59  65   8 182 225  98 158 193 212 187 139 130  40 195   0 233 175  33 209 153 114  15 173 110 218 119 224 116 116 116 116 217 199 125 105 156 125 135 123 125 119 228 205 150 219 110 154 228 212 221 100 224 208 116 101 221 145 164 123 103  21 139 104 208 133
154 101 127  97  33 102 104  97  82 104 227 180 104 129 208 116 247 100  13 247  13 116 103  12  91 206  87 124 157  59 104  48  58 212 165 200  14 213 184  72  78 194  21 238 140  80  71 212 252 206  99 217  40 217  63 115  58 102 245 149 225 101 129  40  71  59 123 143  85  82 251 126  21 220 109 128 133  46  50 105 241  38 158 132 137 195 101 109 149 101  65 145 145 145 145 149  25  66  75 152  25 155 154  34 146 226 175 101 143  71 208  48  66 154  95 154 131  31   3  49 147  26  71 167 225 152  98  87 104
157 201 186  15  89 207  83 116 178 237 144 144 134 100 251  86 108 135 162 108 162  86  80 192 168 189 168  93 148 127 187 112  21  92 127 119  80 106  27 161 141 252 106 146  22   9 107 141  33 104 172   5  46   5  35 242 206 164 234  98 223  53 227  85 100  94 148 164  57 154  18  84  83 215 229 171 149 244   8 134  26 215 124 163  88 216 155  93 103 197 132 185 185 185 185 118 190 102  47 145  90 102 163 172  28  83 134 119 192  97 105 164  15 125  88 125  91 137 102 145 103  85 187  32  81 171 124 179  82
 89 125 135  76 115  49 174  23  35 101 208 141 141  71 150 237  84 125 164  84 164 237  87 164  81 102 253 126 129  89 150 126 170 243 215 124 124 124  83  24 198 240 148 236 234 191 196 236 203 233 236 122  34 122 150 137  51 120 208  55 161 150 138  25  24 127 138 107 130 115 139 167 216 162 202  81 141 103 161   0  44   5 156 135   9 202 103  91 175  69 202 231 231 231 231 119 169 160 105 118  86 221 118 161 167 128 158 174 135 147 143 106  88 245 147  91  28 133 253 174 167 128  19 250 108 112  81 102 254
185 166  83  99 126 251 132 139 170  85  88 134  94 130  96 245 197 120 225 197 225 245  27 217 176 234 189 217 233   8 131 104 167 207 198  36 241  10 159   9 215  69  70 236 235 170 170  88 237 105 241 119 204 119 106 107 111 230  13 133  70  65 218  29  55 226 222  38 105 110 182 221 124 200 184  67  68  80 212  60  33  66 130  74  29 132 100 195 160  30 219 248 248 248 248 102 185 180 180 233 181 180  75 219 140 154 103 117  99 219 151 101 238 146 219 243   7 204 238 193 182 188 152  15 220 181 167  91  80
 33 117  41  35 232  92 247 150 112 138  22  43 153 127 142 153  40 121 136  40 136 153 133 121  99 108  69 214  12 125  37  29  83 125 173  33 150   7 226   6 138  14 138  78 234 140  46 234 214  69  41 106 141 106 110 138  90 137  54 136 107 191 183  77 254 165  44 153 120 161 124 108 218  38 163 173  18 232 105 183 158 100 123 137  16 172 146 247  90 180  68 164 164 164 164 138 226  69 254 140  42 234 121  69   6 102 173 119 183 178  14  80  81  68 234  98  85  29 205 218 234 151 186 180 189 152 149 170   3
207 183 153   4 252 179 109 124  63  71 228  52 211 146 229  84 149 189 109 149 109  84 107 252 228  24   4 205 113 177 213  24  89  83  64  78 152 137  74 144  76 119  51 118 103  50  52 149 137  52  70  85  76  85  65  78  63 230 130 190 223 216 214  60  98  57  59  60 159 239  53 119  83  20   4  13   4   1  13  22  14  20 197 136   9 189  92  14  65 205   4 216 216 216 216 234  66 129 202 171 142  64 183 201 252 151 217 212  80  93 124  30  67 127  52  65  71  85 161  89  74  63  74 141  60  38 133 254  90
199 169 109 122  74 203 200  49 172 109 149 167  65 205  53 154 121  40  10 121  10 154  50 199 120 150 196  75  42  44 202 106 189 235 155 162 133  91 174 110 120 158 193 205 155  22 192 163 148 115 127  77 196  77  55  45 127  84 183 141 149 126 198 200 165  94  54  59 105  76 113 199 105 191 203 189  42 112 176 187 188 200 127 172  96 197   9  90  65 103  49 155 155 155 155 253 102 190 132   6 104 147 168  35 139 140 113 159 174 150 161 129 207 207 144 206 171 134 104 120 253 191 204 205 130  54 163 197  79
 87  61  60  42  84 126 108  35  80  56  32 166  42  60 132  86  80 133 100  80 100  86  92  78 114 102  92 103  45 238  86  59 109 102 100  69  91 122 116  78  39  94 120  47 179  36 109  43  82  81 109  83  94  83  55  69 115  44  89  45  91 111  86  61  36 101  64 122 153  59 158 108 222  63 120 106  74 166  56  38 102 247 230  37 102  34 125  48  32 110  44 149 149 149 149 146 112 101  59  83 106  80  71  56 116  90 137 151 112  76 217 129  49  43  32  51  57  91 159  75  54 114  38  62 171 157  37  72 135
116 204 154 167 146 110  94 232  89 202 111 210 113  93 202 103 162 194  55 162  55 103  37  61 206 192  36 255  56 192 125 217  96  72 183  82 195   9 187 178  66 222 191 123  84 165 190  92 234 208  37 190 201 190 148  73 197 217 155 213 210 223  73 162 201 217 156  67 200 201 121   7 203  78 212 121 200 100  36  45 212 125 217 185 127 185 203 189 130 190 119  98  98  98  98  97 114 127 150 168 133 127 248 118 190  65 192  67  62 142 215  36 131  65 244  57  47  74 108 145 141 183  93  93 193 195 136  71 211
 79  43  33 239  58 108  85 200 162 174  66 222 110  97  28  23 124 248 124 124 124  23  24 194 246 114 222  18  35  36  87 187  61 187  16  19  51  62  76 167  61 117  74 188 147 249  49 186  30 110   2  38  39  38  20 187  54  54  64 153 105  96  90  32 137 162 166  79 143  21 170 132 111  72  21  52  52  78  23 134  22  67  85 119 102 129  43 104 167  83 100  94  94  94  94 125  34 253  46 123 105  22  90 133  96  57  96 116 238  45  54  49 121  65  69 137 239  55  92 218 125  59  21 166  41  55  31  45 243
 87 160  85 206 225  47 106 233 118 222 162 124 177 140 234 201 142 175 127 142 127 201  84  99 114  47 132 188  98 107 233 189  37 194 225  99  47  84  68 227 249 201 145 107 197 188  98  41 179 151  89  98  89  98 137  85 104 100 197  99 220 234 235 222  71 145 188 167 174 119 238  25 190 153  43  93 199  25 188  24 112 184 118 222 235  71  98  35 251  58 215 175 175 175 175 238 238 236 234 213 182 233 223 235 213 163 180 173 219 105  90 170  29 199  93 140 105 168 235 183 120 203 176 213 180 239 189 203 139
195 171 245 141 204  42 233 155 156  54  62  79  60 133  85 211 170  51 192 170 192 211  51  72 247 205 242 169  91 191  38 156 181  48  67   0  15  93  68  46   2 169 160 205 161 181 161 171 219 112 188 133 216 133 195 192  72 132 160 120  51  79  42 160 205 117 181 162 203 109  99 133 160 246 211 230 152 171 152 212 236 246 214 192  95  73 160   4 161  11 115 115 115 115 115 205  40 139  38  82 178  55 117   5  60 213   5 181 210 230 129  24  51  40 194 156 155  35  72  12  24 120 179  51 155 133 169  23  50
129  85 127 140 207 206 149 230  56 211 196 184 199 130 192  70 252 157 199 252 199  70 233 169 120 216 225 225   9 239 254 232 177  61  31  94  57 104 143 132 143 246 114 228  62 174 209 132  83 232 115 166 197 166 178 230 229 128 248 224 236 158 185 243  91 156 239 172 237 130 159 207  31 167 207 136  72 238 122 202 232 143 246 239 182 226  16  94 113 198 237 207 207 207 207 232 207 233 181 149 239 201 131 207 232 237  49 146  47  36 102 238  54 186 139  29 174 244  89  54 242 244 234 233 255 202 226  49 252
246  61   1 243 245  89 253  21  21 255 136 121  87  17 178  49 247 244   7 247   7  49 254 202  72 114 126  72  21 241 172  65  13  42 186  45 246   0   1  78  37 130 120 250  39 248  36  43  32   1  97  40  82  40 255 245   4  86   0 242  14 127 240   1 195 180 243 114  95  13  38  36  52 146  28 146 244  73  31  97 174 102 255 243 252 241   6   1  14   6 254 170 170 170 170  16  29  11 162 129  69  29  47  12 143 141 177  89   2  14 109  58  21 248  46  29 242  93  48  23 179  30 132  63   0  21   4  83 122
 10 251 249  83   5  13 181 248  15 155 180 159 115   1  84 158 164 155 179 164 179 158 194 173 177 218 144 194 132 241   2 218 231 218 255 198 249 136 181  12  14  74   3 188 188 219 211 135 206 217 167 173 218 173 228 208  10 235 190 249 226  83 154 137 198 202 194   8   6  29 219   3 232  15   2  15 209 154  13  13 234  15   8 252 135  50  89 105 235  68 141 194 194 194 194 202 178 124 207 191 163  78 153  70 205 101 106 250 202 175  15 254   4 213   1   7   0 245  15  13   5 228 198 217  14 181   2  29 180
 45 231 232 236   0 227 238  46 237  18 226 240 121 157 238  97  40  60  93  40  93  97  30  68 239  70  83 224 116  55 244  17  17  58 231  16 111  75 237  94 235   1   0  18  33 137 170 181 200 218  85  24 172  24 139 255  44  19  15 229  54  41 226 176 247  24  54  29 112  30 215  13   1  28  32  41  52  68 238  71 229 226  27 241 249 105   5 103  82 225  11  31  31  31  31 231  37 241 241   1  42  65 229 107 155  21  36  20   7  21  21  92 124  50  39  52 179 135 180 217  37 159  67 246 245 200 211  55 132
246  31  30 246  21  18 233  18  17  31 249 190 150 254 239 215 170 242 221 170 221 215  83  18  11  21  19  57 243  14  30  29  28 183  25 118 198 252 174 237 174  88  22 158  24  31  27 175  15  29 158  23  11  23  23 181 218  22  27 237 150 249 248 212 223  28 254 113 231  20 234  27  22  74 166 180 116 127 104  81 254  88  29  21 244 247 174 202 219   9 131 181 181 181 181 178  21 113 123  25 236 218  27 123  20 114 132 159 202 182  46  88  15 224   9  58 219  19 218  15   6 209 192 124 120 207 235  18  21
218 215 246   8 235 253 158 209 235   5 208 254  66  97 214 117 227   3   0 227   0 117 253  36 243 217 227   6  12  34  15 115  29 141  24   2  24  83  13 141 251 128 208 225  41 147  41 183  35  83 206 212 242 212  95 209  66  82 249  53  30   4  45 239 157 104 240  78  75 229  53  34 245  15   8  28 111  85 210  29 247 161  63 215 162 130  15 252 225 255 230 223 223 223 223  22 217  61 223 228 243 224 234 211 241 225 228  33  34 133  52 164  19 220 134 109  94 254  82  12  11 146  50 227 237 216 188  13  74
  7 161 249 160 173  38  66 208 238 251  46 250  22 106 246 192 191  47 192 191 192 192 210 232 175 125  22 248 184  60 223 160 197 231 171 197  10  46  22  38 205 223 232 137 253 151  96 248  29   7 137  93 185  93 189 248 253  25 187 176 242   2  22 121  12  30 204 151 184 248 170   5 251  19  44 241  27 242  27 226 230 246 125 152  43  25  22  47 224  38 222 249 249 249 249 137  96  94  72 200 121 161 207  22 176 189 200  94 108 127 207 229 218 180 237 238 223 114  79  91  87  78  66  87  58 206  91 223 248
252 240 238 227 146 211 212  70  23 192  42 225 165 129  42  56   2 183 117   2 117  56 151  77 193 237  77  80  66 172  64  82 103 225 203 209 246 248 212 193  88  91  54  13 178   7  81  49 117 178  54 196 148 196 207  60  34  25 120 206  66 221  17 170 255  55 108 153 153 173  91  78 144 231 211 253 159 229 246 147 214 199 119 118   8   3 225 105 105   1 200 201 201 201 201  15 135   2  31 115 123  37  12 253 144 150   2 241 201 239  21 196 124  51 170 201  54 123 126  70 108 216 131 193  37 201  56 145  21
237  60 187  62 125 221  54  13 230  60 239 239  60  61 210 187  32 211 210  32 210 187 190 248  48  45  48  50  63 225  52   2 217 113 191 212 179 250  41 181  61  49  37  50  87 166  87   3 111   0  12 150  56 150  52  45  49  58  48 181  39  58 241  49 162  56 183  49  20  33  59 247  46  57  28  40 216  23 176   2  39  46  23  22 233  41 113 133 200  48 173  54  54  54  54 169 113  40 188 208 143 174  40  22   0  86   8  13 237  57  39 212  18  17  36  57 145  55  36 215 200   7  57  62  58  62 223  37 252
189 225 121 205 204 252 253 112 188  40 186 186   3  10 139 239  27 225 100  27 100 239  31 191 207 180 176 185 206 176 225 198 186 136  42 240   4 219 136 250  52 184 202 212 221 134 234  52 179 245 219 251  59 251 179   8 201  26 221 176 208   9 188  11 242 183 182  22 183 188   5 183 122 195 209  53  44 199   9  20 195 192  67 118  26 213 182 196 205 189 206 196 196 196 196 212  23 199 200  14  89  28 176 215 219 183 195 183 183 232 184 186 188 190 177 186  53 185 184 185 188 176   1 207  39 251 208 186 179
 68   5  40  71 224  27  53  42 181 197  21 209  59  56 173   3 233 169 233 233 233   3  32  54  64  76   6 203  39 250  13 122  78 177 177 220 253  34 220 139  18  73   4  19 146 125 205 181 199  33  60 131 188 131  10 131  10  29  29 118   7 132   7  61 169  71  59  75 114 229 167  49  18 214 242  78  61 242  78  55  54  77 203 203  45  59   5 134  53 203  32 187 187 187 187 165  73  72  75  54 153 186  73  79 174 124 183  70  10 159 136  44 139  99  55  31  21  67 224   9 250  70 193 200 130  53 227  73 239
110 104 111  48 131  48  70 227   6  78  38  30  70 167  48  12  47  38  48  47  48  12 155 196 182  62 213 185 253 167 246 181 167  74 219 246 219  94  15 205  48 144  12 172  64 216  43 121 186 226  15  59  82  59 110 231  20 227  34   2 219 230   8 134 230  57 162 232 130  59 182 211 250 231   8 185 172   8 199  23 227 197 215   3  38 169 161 176  77 254 111  82  82  82  82  70 176  84  39 245 105 218  15  38  48 219  48 146 191 180 211 155 217 197 123 166 219 160 213 182 196  43  73 216 212  82  41 164  18
 82  65 217  84  10 240 220 242 166  70  90  12  63  77  27  53  35  75  27  35  27  53  44  48 166  66  97 172 192  39  95 123  68  75  92  14  94  74  64 230 225 244 134  60  38   6  91  27  54 166  54  70  43  70  60  30 187  44  79  54  52  54  60  73  14  20  36  18  82  63  59  87  77 211 224 238 136  46 223 238  48  77  91  68  20  52  12  64   9  44  16  93  93  93  93  35  50  73  61  71  55  69  88  50  85  69 179  95 176  43 226 224  57  90 241  68  92  15  46  72  93  31 205 234 208 125  51   2 121
 99 248  84  21  69 197  39  70  93 122  99 127  89 125 108  74   3  95 242   3 242  74 222 114  72  93 124  83  69 102 146 153 177 177  64 252 150  12 175  37 175 101  31 228 253  21 150 226 226  44 131 235  29 235 148 208 208  68 223 167 109 126  98 215 208  98 125  78   6  93 167 153 243 127  99 142 142  98 142 127 142 122 114  69 175 224   6 126 167 115  72  30  30  30  30 211 225  11  52 193  58 144  29 165 244  34 206 150 122 217 188 109 126 142 248 142  98 148  38 181 195 217 127  77 126  99 221  41  68
 83  84 110 103 108 107 179  61  39  27 250  37  56 100 247  48  67  32  79  67  79  48 108  32  18  24 193  33 238  23  58 210  57  21  57 235 186 195  57 100 172  31 108 102  56  34  24  21   6  36  37  54  44  54  44 162   5  21  25  44  70  90 111 111  90  97  78  27  67 182 105 232  36 178 206 247 149  44 242   8 147 121  23  97  12 215  33  80  47  42 241  30  30  30  30  94 162  58  44 195 227  50 221 214 199  87   5  17 206 162  11  67 242  79 126 149  32 225   6 110 105  35   3  52 110 163 174 245  91
139 189 133 183 138 163  13 129  30 184 149 149 153 145 129 204 242 216  28 242  28 204 171 195 227 246 150  19 149 156 144 204  70 194 212 203 213 229  18 156 144 224 211 188  51 160  79 221  17 216 175 130  96 130 231 199   3  42 176 168 175   4 204 137 162  67 201  19 168 130 138 153 155 162 229 246 222  98  18 227 154 212 223 169  57  35 237 211 198 241 162 219 219 219 219 128 200 209 149 135  49 145 160 221 182 234 143  63 210  29  25 170 138 197 146 152 178 234 171 237  14  68 197 197 137 139  30 254 162
226  71 125 202  40  15  87 105  59  77 116 107  80  14 248 116  95   6 124  95 124 116  84 115  57  93 249 251  69  63  23  58 253  94 107   7   1 103  62  79 120  81 124 196  58   0   8 229 143 231  58 176   5 176 208  30  51 241  66 120  69  77  76 253  53  77  35 255  10  16 124 114 102  42  19  62  94  84 114  16 106  83 224 242  59  38  73  69  27  73 105  38  38  38  38 125 197 209  30 236 204 241  19  43 227 100  66  25  76  34  54  53 103 105  51 107  35 232 233 228 218 116  44  60  42 206 210 211  22
181 149 113 230 209 112 117 232 184 124 207 115 204 205 184 209 230 210   5 230   5 209 177 229 147 126 130 135   4 184  31 195 134 124 148 197 126 204 149 121  37 246 135 121 121 167 155 205 201 172  44 213  63 213 199 208  93 219 129 227 116   8  59 178 200 120 200 163  64   0 167 234 153 250 248 143  38 162 106 250  28 204 157 125 189 192 159 117 236 153 184 212 212 212 212 244 148 130 196 156 187 125 159 137 162 156 122 155 166 141 175 219 150 212 127 119 201 174 159   1 184 134 170 231 219 146 122 207 134
120 106  33 119  97 130  42 108  10  56 112 183  56  62 118 193  91 134  88  91  88 193 127 135  91 120 136 102  96 102 141 135 198  44 109 136 121 189 124 108 139  54   6 127  82  95 137 117  52 142  38  50   9  50 106  77 100   4  14 169  43 140 139  64  58 109 206 128  39  39  76 182 125 134  62 118 141 121 137 116 136  97  96 101   6 126 214 111  15 114  63 139 139 139 139 112 125 134 132  38 141 251 208 131  78  79 108  77 251  65 128 138 136 196  15 132  44  94 113 247 113  53 122 101 137 143 248 134 206
143 203  28 134 157 207 237 150 156 115 151 105 218  42 183 133 173 158 126 173 126 133 237 102 186 190  96 110 123 101 235  56 203 121 107 130 105 105 140 178 203  26 172 109 248 134 190 227 144 125  63 152 183 152 209 145 216 188 112 141 121  96 131  64 147 128 150  43 118   5 233 121  24 143 113 244 197 128 102 229 186 251 174 149 234 159 246 126  13 216 212 177 177 177 177 199  98 110 101 123 174 173 115 190  11 100 176 167 102 182 182 212  30  30  81  63  39 101 214 100 189 183 130 174 132 237 134 131  20
122 157 113  37  74 156  86 111  29 251  32  10  56  29 192  50  30 159  78  30  78  50  53 102 133 135  15 156 203 149 115 151  92  63  93 156 124  92 114  20  53  27  24 174  34 248  97 244  13 255 238 176 170 176 170 178  13 181  32 255 142 109 122  65 180  93 171  86  79  97  94 205 103 229  60  45  12 110 234   8 110 154 240  93  17  20  63  54 203 102  23 199 199 199 199 143 164 243 197 231 164 197  23 168 200 149  81 147 214 241 198 146  53  91  80  30 143 159 149 124  15 113 156  69 155  29  76 152 189
113 243 174 254 178 115  42 204 223 141 100 225  84  81   0 201  93 113  84  93  84 201 106 165  93 190 140 141 144 165 100 198 162  66  61  37  27  65  60  67  69 149  49 154 159  93 187  84 103 174  36   0 178   0 164 178 223 171 139 141 227 125  20 173 109 148  82 155 118  87  90 116  87 164 203  51 184 175 121 203  28 242 103 107  33 252 121 252 150  99  99 159 159 159 159  25 198 121 162 143 113 143  25 115 111 123  28 113 176 175 103 164 139 111 154   9 195 244  97 144 183 251  61 196  66  48 248 204 113
148  96 141 162 133  82 110 128 116 100  75 174  44 151 107  79 238  66 219 238 219  79 158 152 145 154  97 162  31 162 174 145  21 144 160 156 147 151  99 124 168 171 158 149 110   7 105  63  53  94 149  67 239  67 251   0 192  26 245  71 132 171  46 168  24  82 151 147 124  16 222  11 134   7  82 222  19 119 129 130  11 156 251  46  36 135 103 154  23 173 142 168 168 168 168  59 174 132 136 107 128  63 146 128  64 239 166  96 152  29  49  87  35 154 251 164 204 160 128 167  85 168 138  72  75 112 174 129  39
156  71 237 115 101 192  80 100 112 242 107 209 176 164 255  93 102 110 187 102 187  93 155  84 147 206 114 203  75 125 108 113   6  72  71 136 189 236 206 206 222   9  43  66  74 125 113 115  97 132 106 244 157 244 176 110  82 107  82 243  64  79  64  11  96  80  25 181 182  89  89 120 113 161  84  70 120  67 110  98 101  64 236 203 215 217  99  85 190  80 118 121 121 121 121 154 131 200 101  72  88 194 194 215 151  71 114 118  74  78  74 191 208  90  57  95 130 219  14 153 253 181 181 141 125  72 113  70 242
 31 189 135 178 143 123 150  44 156 167  88 160 102 159  60 188  95 179  46  95  46 188  31  95 135  41 179 127 252 115 182  85 165 156 114 151 138 143 138 125 174 123 174 149 127  60 138 158 118 123 155 183 151 183 154 178 156 165 156 150  62 132 156 182 135 144 135 187  94 140 115 218 181 135 187 127 160  69 183 164 167 136  67 150 151 158 136 132 182  52 184  92  92  92  92 142 119  86 116 141 103 178 135 184 143  51  16 166 139  78 149 155 130 123  71 113 155 151 150 160 175 132 109 170  61  87 115  51 154
 58 154 198  16 192 102  61 114 102 115  57 163 110 202 238  83  71 109 118  71 118  83  51 143  90  79  73  85  53   8  75  87 152  60 178  95 114  54  66  66 107 191 116 202 110  87 108  75 172 110  67 129 197 129 123 123  18 228  31 200 217  50  57 191 178  95  52  27 101 192 190 245 115  89 115 225 115 124 150  91  97 117 130 154  92 157 226  53 196 177 117  59  59  59  59  62 159  69 160 220 203  63  55  53 201 139  55  73 170 103 128 176 114 128  91 158 188 150  53  93 212  49  71  52 140  87 155  77 105
 48 207  52 148 196 192  45 175 207 175 175  61  61  56  50  57 126 205 112 126 112  57 118 175 122 168 161 206 122  55  83 120 104 148 149 174  99 161 140 200 145 112 168 203 128 129 193 108 172 193   2 197 154 197 197 184 167  15 111 185 121 141  71  77 112 111 170 158 180 204 227 178 177  68  40 159 131 206 146 196 159 161 200 166  72 176 123 240 110 158  22  66  66  66  66 186 191  86 203 204  20 171  15 172 172  93 129 156 188 178 178 120  15 178 205 161  20 183  42  22 244 126 184 186 246 150 181 117  99
 34 117  63 227 184 154 168  78  47 165 244 206 239 254 202  49  87  82 129  87 129  49  67  15 203   8   2 125  63  32 209 113 198 210 117 244  11  11 152 202 210 225 195 210  47  98 106 222  33   0  77 114 240 114  78 117 125 168 201  88 101  47  89   7  47 207  65 110 113   1  62 128  38  34 144  87   0 143  92   0 124  88 148 120  82 189 165 136  52 100 138  34  34  34  34 201 155 178  59  50 136 107 232 241  47  11  63 236  50  35  50 238 140 132  40 131  41 124 246  43  62  52 197  50  84 132  47 122 145
108 185 169 209 121 105 200 223 217 156 114  32 219 213  73 106  67 252  73  67  73 106 100 140 221 149 212 213 139 186 186 133 223 214  90 220 124  76 216 182  88 200 209 207  66 207 250 144 206 186  66 197 214 197 134 186 138 158 140 117  81  75 181 119  50  89 222  42  44 242  80 186 204  78 106 251  81 110 219  16  79 153  71 103  45 212 220 223 202 252 252 123 123 123 123 167  94 100 133  51  85  96 186  51  26  80  21 172 212 220  96 100 132 170 100 221  94 181 219 116 223  96 207 175 192 162 206 212 157
191  57 163 193 156 108  71  68  69  18  16  19  23  87  96  32  88 215  83  88  83  32  21 123  57 159 215 225  24  78  48 185 100  17  50  49  86 107  29  56  65 108  71  29 212 103  37  51  76  77  91  32 107  32 126  86  68  46  97 191  72  24  50 178  24 205 152  83 130 124  46 166  10   5 187   3 248 196  95 187 196 248  33  99 126  55 103 220  37 161 173  26  26  26  26  43 175   3 151 207 169  85 149   0 221  95 168 172   6 196  92 114 135 146  26 173 175 188  36 130 191 137  92  51  33  24  24  43  75
198 179 174 217 238 122 191 233 178 178 216 224 197  68 120 198 146 173 155 146 155 198 207 230 159 130 230 232 236  62 221 215 200 173 141 151 211 122 113 199 208  97 189  11 108 230  83 147 159 140  17 199  67 199 106 172 189 156 179 179  80  92 224 196 230 227  99 204 145 167 235   2 197 247  40  85 103 230 242  85 169  32 107  27 239 157 157 231 160 146 225 130 130 130 130 191 123  71  87   4 244  26  87  69 146 206 156  70  83 111  92 202 191 238  25 154  91 122 126  44  38 159 223 168 222  42 179 164  11
 94  47  62  10 124  96 104 225 107 105  55  27  66  54  75  28  26  27  41  26  41  28 147  21 206   1  35  39 111  65   6  69 138 133 153 129 152 157 157 181  60  33  40   6 105  85  64   2  40  14  81   0  23   0  28 108   1  91  22   1   0  31  77 180  19  17 136  55  32  78  52  30 238  67  80  87  92 125  52  86  87 118  27  25  36 196  15 161 175  93   6  31  31  31  31  39 125  42  49  40   1   1  82   4 147  96   0  41 164  14  73   2  76  19  78  75  40  38  16  41  48  11  23  68 167  23  25  57  19
176 245 231 162 184 218 150  94 241  87 161 155 116 245 183 230 101 106 189 101 189 230 164 217 250 220 179 101 237 134 252 145 215 146 183 197 191 213 241 230 238 186 230 149 155 241 165 216 241 146 184 202 232 202 140 189 149 220 242 253 176 144 146 218 227 212 160 254 155  42  88 184 193 151  79 148  83 243  90  73  81 158 164 253 221 213 145 155 113 106 182 227 227 227 227 255 250 239 249 254 177 100 204 227 140  86 180 246 199 198 240 255 252 228 166 249 252 195 208 207 164 162 155 113 230 227  66 237 205
247  98  69 244  51   6 147   9  14  88   1 244  14  15 240  27  59  10 141  59 141  27 241  11 157  63  17  17 249   9  51  30 241  28 255  17   5 127 249 115 171 249   5  29 210 205 124  63 165 251 224 109  42 109 204 120  52  22  53 200 141   6 244 220 254 161  79  72 247 251  22 129 226 208 213 228 248  90 248 156 219  63 244  36 105 228   0 245 255 178 246  80  80  80  80  86 183  72  54 196 186 134 205 135 116 114  61  95  80  94  18  23 146 183 114 227 184  27  32 249 111 227 134  11  77  51 253  54 162
253 118  10 227 154  15   8 226 153   2 240   3 252   8 166   8 148 222 216 148 216   8 185 203 214 200 208 160 253 164 210 164   6 193  45 208 133  96 198 123 251 199 113 161 205 185  11 209 207  13 215 250 245 250  79 127 188 241 250  82 209 137 240 247 180 145 245 245  78 142 147 212  44  86 224 232 120 246 233 134 194 193 201 201 100 133 225 100 126 127 245  88  88  88  88  15 246 164  15 255  70 255  14  11 252 147   3 200   3  55 240 209 128 127 211 234  12 215 168 240   8  75 168 179 180 245 163 247 223
 20  66 248 246 237  15  24  99 135 238  32  36  10  22  97 121 253 121 252 253 252 121 253 233 238   6 115  22 159 229 228 252 108   3 225   9 228 245 225  95  67 154  60  87   1 241 137  64 226   5  89  34 232  34  14 240 245 245 102  33  10  93  52 233 146 255 121 252 121 121 234  91  81 245 106  91   3 245 239  41 255 106 106 226 228  35 233  50  26 248  16  30  30  30  30 103 235 129  51 238  67  20  15  26  24  10 254 115  51 225  63  74  52   7  63 106  18   7  79  36  25 108 112  63 112 137 135 233 250
163 156 221 228  22 206 158 202 245 100  30  30 158  22 243  43 211 142 181 211 181  43 169 213 206 206 116 182  12 168 200 232 212 132  19 210  29 244 199 205 236  22 210 219 246  25 235   3  25 160 159 187  87 187 128 161 241 208  13 140  25  31 228 216  12  42 140  64  81 139 142  79 203 129 186  13 206 190  29 235 253 243 182 228  38  98  55 143  18  16 138 251 251 251 251   1 163 217 189 169 163 120 202 143  13  21  27  90 243  17 165 113 150  13  31 246 211 181 152 206 119  58  16   8  18 244  28 148 223
 18 119   1  68 136  66  96 191 203  94  81 155  31 126  96 143  93  97 249  93 249 143 215 132 203 197 151 126 208  55 208  93 124 127 191 126  88  27  88  94  96 236 228  41  21 208  99 233  12 209 233  18 209  18  95 114 248  16   0   0  88 132 132 210  80  63 108  74   0  27 220 230  55  83 226  27  97 139  22 129  72  86 103  93 108 228  27  96 233 217  38 212 212 212 212  42 218  11  30  47  43  15 147 221  19 222 215  16 103 195 162 230  48 249  29 135  74  89  88 197 132  44 204 197 187  13  32 165 228
 33 188  33 162  34 252  37 173 226 224 179   7 216 169  10 105 115  91  73 115  73 105 100  36  36  32 249 162 191 216 239 242  17 214 190 249  14  22 224   3  17 166  41  34 220 164 142   2 122 123 192 223  21 223  24 198 177  19 110 186 129 115  85  38  27 214 221   2  68 202 219  46 184   8   8 239  32  32  40  40  18 159 114  45 142 230 226  37 140  31 198  45  45  45  45 210  27 242 242 240 230 243 191  43 242  21  31  30 166  42 114 117 224  34 219  16  11 123  31  45  24 138 216   7  14  37 134  47   9
 43  10 255   5 214 214 254  84 206 230  71 218 196 228  37 194 203 225 209 203 209 194 223  42 193 192 217  53 220 222 244 223  95 135  52 103 103 227 103  93 123 222  96   5 236 212 205  65   1  22  28  58  96  58  88  67  54 242 100   0  35   4  64 199  15 194  52  63 230 249  45 198   8 215 215 248 221 105  40 219  62   9  47  56  56  49   6 254  90  75  67  47  47  47  47 216 253  83  49  65 254 194  83 243 218  20  32 216 100 100  95  83 219   1 227  75 221 236 206 192 248  96 225 255 133 245   5  47  29
131  58 168 204  83 204 157 188  33  37  34  82  56 239  45  59  41  32  55  41  55  59  24 250  59 168 242  32 136  29  56  30 179  29  36 219  39 131  58   8 250  71 239 210  19  82 107 138 243 106 136 124  89 124 138 136 149 189 131 149 190   8 250 107  81  36 128 189 202  69 126  85 214 242  63 219 238 128 131 135 202 208  40  10 125  93 119  60 242  94 135  19  19  19  19  51   9  59  55   8  93  16   8  44 219 103 226  51 119 202 255 242 126  83 119 145 121  18 239  16  82  43  71  93  85 168 249 145  77
190 221 189  49 206 234 252 190 220  46 236 243  45 230 243 224 180 197  95 180  95 224 191 181  40 219   5  65  89 181 242 179 176 210 205 237 201 206 185 189 190 189 230  19 199   5 178 240 224 213 178 232 181 232 196 197 233 207 189 242  93 182 222   0  57  15  62 214 115  71 181 210 222  93 145 200  62 242 205 222  36  93 206 188 185  12  66 178 243 177 195 226 226 226 226  65  42 176 176 178  29  29 253 184  25  93 219 189 239 195 215   6 176  18 182  90 214  14 176 202 181 210 205 179 180  29  58 239  53
 73 251  61 243  49  47 241 117 162 226 191   3 216  24  22  27 250  66  63 250  63  27   3 237  73 255 227 181  25  55 165  76   4 228 227 136 200   7 247  17  76 235  75  13  28  95  52 201  50  27  72 195  68 195  21 198  50  63  58  48 208  41  66  41 198  60 168 198  21  76   8  35 125  60 251 159  24  68  33 233  41  73  29  27 161  71 215 193  43  61  66  54  54  54  54 235 247 153 160 153 104 180  37 115 106  21  62  54  10  77 171  63  21 191  72  28  54  25  51 191  22  51  72  28  42 172 246  36 248
 37 212 171  14  17 166   6  22 188 229 214 186 181  47 163 200 168 167  16 168  16 200 179  70 230  60  11 177 201 250  97 178 249 221 213 170 164  25 220 188 162 207  94 196 165 197 171 207 179  79 176 234 184 234 161  61 166 206 178 239 167  61 241  56  18 243 240 196 167 113 204 130 216   9 230  46 212  37 246 236 255 130 197 212 175  64 205 237 131 169  55 109 109 109 109  13 197 205 222 166 219  47 162 163 199 250 184 254 246 181 241 181 179 176 193  73 254 189 160 213 221 167  77 131 149 194 191 192 190
 94  15 161 133 124 181  50   2  94 232  94 240   9 211  30 213  38 246  61  38  61 213  10  93  76  82  82  77 248  36 228  77  77 135  20  77 122 133  87  76 108  81  86  20  79  47 226  69  28 207 243  71  40  71  75  41 187  89  91  33  74 220  69 167  45  37  89  39  62   2  17 253  50 205 254 154 114 156 122 181 156 148  39 234  40  57 196 183  70 227  60  84  84  84  84  91  69  66  41  94  29  55  40 221  90  51  63  64  63  87  68  57  73 226  75  74 226  67 219 151 163  76  69  61  66  78  49   7 236
153  68 170 224 149 239 123 172 238 182 157 157 240  26 169 149 146 145 249 146 249 149 144 179 201  66 156  73 145  59 246   1  81 232 209 169 153 239  59 196 153 100 134 231 182 165 154  33  45 146 208 183 192 183 223 251 156 226 192 177 147 207 163 219 249 222  91 222  66 163 234 163 159 227 213  53 147 187  18 168 223 159 183 245 176   5 181 167  64 204 163 148 148 148 148 191  35  45   3  86 253  74  45  46  86 187 192  31 245 178 162 180  88 245 202   2 211 185 201 250 153 240  30  30 250 152 213  66  45
 21 215  85  48 240 255 160  67 255 198 198 118 198 117 207 177 201 198 207 201 207 177 126 215 196 103 203  90 117  11 135 208  56  89   0 211  84 226 107 103 208 103 255 181 147 160 117 127 128 177 207  35 222  35  67  25  36  93 101  73 177 207 126 198   0  64 211  89 244 161 107 110  95  93 111  25  69  67  98  80  11  56 110  67  69 134 131 107  33 127   1  67  67  67  67   7 177 147 177 117 122 207 216 160 118  64 216  32 135 196 199 215 160  89 122 148 163  37  48 110 166 117 236 209  96 103   0 235 214
152 172 146 154 229 153 156 186  12  34 186 148 144  40 228 218 128 132 129 128 129 218 129 252 226  59 239 135 165 221 144 134 137 135 177 228 141 135 160 158 190 194 155 201 190 136 228  12 167 134  80 130 251 130 102 171 182 188 131 141 239 229  37 130  34 175 145 246  43  77 157 197 133  54 139 128 171  42 209 129 137 166 171 132 174 174  12 169 155   5 222 194 194 194 194 147 251 157 138 143 100 195 149 128  23 152 205 170 239 215 165 172 182  49 173 132 255 140 140 137 250 251 147 135 176 141 207  43  52
123  62  76  95  21 111 101 115 114  90  38 113 235  90  28  98  61   4  12  61  12  98 230  97  63  85 109  68  59 125  96 100  75  90  93   6   9  73 117 104  76  82  77 123 103  86  76 124  95 125  97 120 126 120 226 232  30  98  26 251 117  39  93  88  88 248 122 124   8  33   1 223 154  67 127   6  83 114 122  89  77  90 101  77  89  37  58  52  21  30 125 244 244 244 244  55  92  92  62 123  92   7  21  89  97 103  97   3   0 123 102  76  83 226 212 105  80 121 107 127 114   5  85  96   8  72  65 234  19
 25 245 117 192   5  49 222 190  74 113 154 243 113 173 112  23  23  78  32  23  32  23   8 112 130 179 112 143 138 228 169 113  86 199 194  64 228 236 228 184 184 181 175  36 118  27   0 112 177 113 119 140 116 140 151 137 165 140 119 170 219 183 115 255 207 130 251 133 149 192  30 188 183  39 144 204 129 254 174 135 238   8  75 218   5 113 132 149 155 203 116  13  13  13  13 205   2 123 157 173 101 151 170 161 252 202 232   8 113  14 178 113 171 133  16 164 233 227  46 167 120 187 165 165 139 143 157 200 197
 63 142  94  58  96  69  40 118 138 122  90  43 142   8  39 104  77 112 119  77 119 104 111 187  82 110 169  95  45 133  70 138 249 105  44 142 134  67 125  46 125 198 143 126  70  68 119  78 120 117  77 235   8 235  80 122 245 126 117  90 101  80 139 143  78  77  46 119  41 131 174 185  50  93 109  96   7 108 102 140 139 130 242 222  87  49 135  74  44 190  33 139 139 139 139 138  10 171  57  57  71  10 209  45 231  56 247 134  11  96 126  28 231 142  71 123  51 184 127  87  17  85  97  87 111 115 106  48  99
199 137 255 164 128 118 192 192 121  99 222 118 237 115 109 163 233 217 127 233 127 163  20 222 105 134 105 105  33 139 213  96 164 192 113  97 101  30 175 221 132 244 102 101 155 187  94 115 145 101   1 248 128 248 104 160 160 155 159 232 100 175 100 195 134 163 146 199 105  13 112 214 119 168 117 151 165 196 111 169 194 142 118 213 134 120 135 155 201  96 135 239 239 239 239 118 196 133 128 115 152 133 199 164 250 134 101 153  99 105 115  19 222 108 145 137  96 165 127 208 214 100 167 104 127 120 124 128 175
155 158 229  59  12 121 106  63   3  55 143 146 133  51 121  39 101 106 114 101 114  39 141 122 219  50 228  48 134  18 191  59 129 123 102 102  50  75 219  97  83  70 144  54  72 104  22 223 227 246 244 107 254 107 150 108  80 130 100 159 152 155 152 202  40 159  32  19  52  70  96 233 122 125  82  25   7  49  91  88  80 155 100 143  44 249 112 145 150  81  97 128 128 128 128  99 238 176  85   9  79  78 223  88   6  99   8  96 133 109 212 223 146  87  69 159  50  89  49 211  69 144 135 101 231 119  15  37  97
 91 165 160 107 106 219 154 144  48  83 138  91 103  87 132  82 116  97  89 116  89  82 143 234 194 226 142 157  91 158 129 185 107 188 218 218 218 190  11 188  60 131  88  87  80  83  91  89 180 202 123  12 138  12 116 188 158 190 190 179 215 138 107 102 196  24 218 188 210 166 189  85   8 233 188 207  17 163 229 249  17 150  82 114 146  32 119 215  86 124 163 201 201 201 201  66   3 100  82  97  89 172 214  83  81 108 177 233  81  82 214 244  91 167  95 191 191  82 154 112  85 226  81 108  87 219  97 126 177
165 169  80 165 152  91  60 172 166 133   5 169  74 163  10 148 120  47  92 120  92 148 168 250  22 158 158  61  35  36 240 140 135 175 160 156 126 166 155 132 131 163 162 203  12 217  26 168 253  96  45  21 147  21 172  72  42 164 124  64 225   9  24 108 101  79  91 129  77 229 162 174 162 229 115 203  57  13  57 246  97 150   5  71 150  63 200 160 104 114 101  29  29  29  29 170 141  42 156   1 146 128 154  74 119 182 158  87 175 172 171  71 162 143  58 175 172  63  83 200 187 116  23  82   5 174   8 159  70
 82 249 199 199 156  71   5 110 111 169  26 247 179 199 133  78  82  98  92  82  92  78  85 118  72 105 126 108 197   6  37 197 169  81  81  67   0  66  68 170  77  84 142 105  85 105 197 117 181  71 184 114  95 114 127  70 173  88 197 137  97 184 197   7 133 121  26 182 253  46 178 204 172 147 117 117  71  98  95  76  72 152 152 195 167 175 146  73 114 137 101 199 199 199 199 210 198  70 120  91  67 132  84  90 112 139 132 222 215 154 218 184 107 130 138 167 125 217 102 126 206 119 110 123 118 231 134  65  28
 15 116  38 116 116  36  41  73 175  62 136 162 148  30 177 188 147 158 173 147 173 188 166 174  61 188 189 129  98 189 170  22 163  56 175 174 189 250 184 181 244  39  71  71 189   4 187  68 149 100 178 104  16 104 223 107 142 142 100 184 184 188 112 245  17 115 241 239 158 183  81  45 142 187 126  81  55 130 178  71 162 159 189 185 178  39 158 241  73  38 184 191 191 191 191  22 187  38  38 144  74  61 116 115  36 210 100 160 126  10 162 137  18  26  39  56 107 199  36  36  41  68  11 177 189  79  29 186 120
 60  56 129  65  80 171  60 189  95 128 149  68 101 188 251 245  50  61  66  50  66 245  51 100 173  51  94 216  48  61  63 166 194  90 174 112 178 155 174 184   5 186 254  85 175  50  89  94  70 121  97 123 228 123 152 181 210 155  90 134 138 122  90 233 127  55 152  80  64 106  49  83 223  53  93 126 203  75  85  54 230  53 162  58  74 178  17 229 218  25 171 147 147 147 147  80  49  48  73  76  73 173 226  59 150 162 183  66 146  66 151 155  63 157  66  58 181  55  84  59  73 124 218 192 184 100  70 194 189
194 152 179 172 152 171 141 148 100 198 131 196 131 179 121 183 156 195 206 156 206 183 206   2 126  73  60 191 174 183 207  52 174 112 140 185 158 164 167  93 112 151  20  84 177 109  44 165 179 174 173  82 149  82 185 180 114 138 186  27 203 195 146 172  89 248 207  83 185  92 109 196 195 117   4 191  12  37 186 193  73 205  90 146 194  73  96 158 116 126 114 193 193 193 193 131 140 145 205 137 196 163 146 189 132  71 171 152 173 168 204 185 133  59  91 124  39 169 139 169 207 169 253 210  22 131 185 205 136
 68  58  34 180 166  43  77 226 131 105  46 106 159  46 194  63  41 125  32  41  32  63 116 162  36  49 110  38  12  54 181 108 106 127 185 111 196  76  34 114  89 153  66  84 240 132  22 158 254  83 210 127 167 127 132 189  85  74  97 110  84 143  75 224  45 124  90 253 150 243  46 216 164 133 117 129 183  41  44 151  44 216 159  87  91 180  45 128 250 125  43  37  37  37  37 130 152 142 154  45  51 213  62 178 231  22 135  38 141 127  33  91  51 164 186  79 179  50 121  92  33 241  38  41  65  59  73 108 249
125 149 157 215 204 206 142 218 121 103 203 144 128 189 238 202 158 219 175 158 175 202  64 174 208 210 129 144 134 184  95 107 111 200  61 218 130 200 114  49 140  34 202  74  88  41 196 155  83 134  53  99  84  99 152 216 107 188 142 123 223  78  49 182  19  86  41  20 134 164 249 223  55 217 191 104  48 140 141 109 206 167 190 213  58  43 119 195 199 124 155 182 182 182 182 142 182  45 161 154  88  88 191  84  27 215 103 183 132 173 113 183 179 209 193 203 202 216 181  68 189  89  26 122 177 210 197   7  99
  8 141  86 238   7 238  19 182 215 133  95 220  55  11  17  43  37  10  96  37  96  43 219 139  95 230   8 133 145  70  95 111  67 230 248 254 149 175  43 233 149  11 184 241 241 217 183 241 186 241 204 189   1 189  11 226 125 173  48 159 133 131 245  18 201 134 206  21  44  17  28 217   7 133 179 167  86 233 220  77 210 156 241 217 186 220 228 106 204  60 124 156 156 156 156  28 241 175 226 204 159 190 190 186  86 125   1 201  69 113  86  20 205 128  82 245  18  29  34  51 110  19 235 238 238  60 204 182 238
140 199 169 237 165 180 238 190 112 233  79 112 180 205 175 124 117  90  31 117  31 124  19 207 122 121 116 224 233 120 228 239 220 232 193 204 227 222 227 210 201 202 131 119 215 157 180 164 238 169 185 216 210 216 173 214 142 221 131 161  68  87 226  44   4  78  47  21 185 162 233 137 102 216 171 176 214 206 234  84 238 191 203 183 175 187 176 218  12 104 132 171 171 171 171 111 238 200 167 231 156 231 180 154 228 194 159 208 170 126 138 221 155 175  75 220  10  19 184 219 171 198 155 220 137  57  52 181 233
156  72  35  77  93  42  41 191  32  64  13 168  68 130 111 169  11  18  16  11  16 169  47  84  75  58 109   9  22   3  10  72  15 104 208  91 142 143  91  43  43  99 112 209  56  43  55 157  61  44 150  18 102  18 101 121 136 127  64 172 130  25 221  44  40  99  87  18  79  18  72 115 174  19  14  66   9  16  85  13  33 105  96 117  54  78  21  53  29  92  88  80  80  80  80  78 203  94 182  63 172  63 192  28  30 158  20 109  27  34  68  74 221  11 195 147 190  19 117  68  86   4  17  19   3  74 162 140 100
161  25 111 160 152 157 189 120 202   9 171  81 213 253 139 149 129  31 189 129 189 149 171 242 204 185 244 224  89 202  89 111 137 249 243 178 255 218 253 228 232  74 191 226  18 215 105 168  60 221 169 218 100 218 231 118 255 249 249 244 209 242 209 229 114 178 241 158 232 215  39 202 237 208 238 232 175 252 118 234 216 246  83 166 121 230 240  56 177 171 253 246 246 246 246 167 246 207 131 121 220 164 255  88 222  72  95 104 144 103 241 133 249 144 202 251 111 213 175 133 127 133 212 250 188 211 134 211  33
 15  19  34  91  39 147  62  76 254  44   8 249  56  68  46 242  43  56  70  43  70 242 245  67  25  95  20 252  67  28  67 150 219 144  80  87 141  32   9 148 244 254 249  78 129 240 196 254 115 104 122  90 244  90 245  83  34  88 255  32  94  15  22  44  81   3  81 125 249  26 156  80 173  81  47  24 118 247  68  86  86 168  23  51 137  21  77  16   3 145 241 183 183 183 183  95  60 113 157 173  58  87 140 179  16  93  41 250  51  51 250 114  29  40 250  38  42 248  30  34 106  76 253  42 240 188  55 198  46
 80  11  71 152 229  54 185 211  14  80   4  10 140   7   1 250 235 196 150 235 150 250 111  15 217 150  11   7  28  11 200  69 226 207 224 208 228   7 248 218  80 202 224 231 217  10  13 230  72 117  15 209 175 209 156 233  88 216 189 128 244 198 240  15 146 143 141 255  15   2 255   5 232 242   8   1 244 103 152  13 255 231 252 245 243 230  39  11 223  15  74  13  13  13  13 114 249 106  79 110 176  84 130 190 200  12 127  80 119 112 149 100  59 119 208 195 211 118   4 242 242   6 213 118 125  81 181 165 243
123  90  14 119 227 242 111  91  16 242  32  17 161 244 141  82 230  82 237 230 237  82 224  69  89 101 194 133 253 192 151 118 235  78 205 203 242   9  77  42 227  30  75 107  32  78 237 107  38  21  36  90 171  90 154 156 107 118  14 156  42  77  10 229 213  73 237  56 153  21  85 160 101 237 233 239  12  68   0 251  68 238 230 113 171  83  17  67 101 196 146 199 199 199 199 111  14 164  21  17  16  74 113  89  21  97  17 190 247  32 141 226 126  35 173 254  76 170  78 121  66 151 163 196 107  63 222 159 255
 11 246 196 253 132 166 218   0  16 203 237   2 241 116 196  27  20 185  15  20  15  27 249  22  12  15 152 246 215 235   2 246 215 215  24 125 226  57 166 227   3 215 227  42 115  70 163  84  56 105 200 243 129 243 196 235 225 121 168 185   1  27 219  28 215 209  19  21 225 113 132   4 165 164 171  15 161 202 211   5  14  11  78  79 239  21 153  10  24   8 226 215 215 215 215 180  20 209  24 168 133 209 215  78  12  56 169 152 167 253 166 114 165 116 200 215 116 116 133 113  24  24 131  12  49 230  35 231 115
 38  13   3 233 238 134  82  48 255 233  90 208  89  47 118  59  45 245 223  45 223  59  46  58  35 225 221  20   2 237 119 167 243   7 112  71  40 253  49  29 214   6 229  35  40 127 143 251 237  54 169  66 104  66 113  87 223 255  61 104  72 230   3 183  21 236  10  47 246 111 229 155 118   0  23 106 213  56 218 247 223 230 117  69 223 214  70  61  64  16 223 231 231 231 231  75  18  45 228  14 138  64  19 222 238 111 145  55 126  20 117 221 245  59  14  32  69  39  38  12 248 252 111  45 211 112 225 188  58
214  38 225   2 181 180  37  36  36 179 108  23 224  17 227  18  14   2   5  14   5  18 242  20  34  20 229 255   2 229  27  15 181 148  68 247 244 138  37  88 154 254 211  14 233 240  36  17  20  41 190  19 252  19 248  32  33  36  27 149  32 239   2 242 104 124  21 204  28  22 247  32  35  40  99  27  47  28  31  19  40 182  45 255 101  15 218  70  20  21 129  81  81  81  81 167 240   9 252 205 136 193  22   2 159  31  33  22  18 115  29 200  35  31  35  36 250 225  40 197 237 200  13 251 237  47 113  22  13
221  68  47  71  55 240  38  56  24 217 219  17  67 236 195 235 210   8 203 210 203 235   8 223  27  56  14 223 218 145  59  64  25 202 194 211 205 247  79  77 233  43 210  41 224 239  55 230 222 198 200 194  53 194 140 135 236 205 224 231  60 218 241  88 224 208 218 195  23  21 217  61 202 242  51   5 210 218  54 208 253  58  32 223  26 253   6 217  48 212 210  52  52  52  52 201  18  73  65   4 211 110  18  11  87 210  89 242  30 100 251 177 237 199 214   3 198  35  55 250 224  16  26  11 246  60  36 217 241
184  52 239   0  30 243 223 140 243 235  36  41 239  59 242 254 172   9 218 172 218 254 182  45  33  43  61  59 135  60 164  16   1  42 249   0  17  62  49  21 130  63 191 126 206 101  54 233  98 204  53 204  43 204 127  57  57 168  26  45 202  39 222  46 127  60  44  49  25  57 177 209  63 191  52 121   7 241   6 157 121 115 175   3  47  48 238 248 216 150  61  26  26  26  26 188 226 102 249  53 135 134  63   0 157  30 227   3 247 166 253 204  58  40  42  46  46 204 174 241 249  60 250  56  47  40   6  63  34
249  60 198 221 214   1  34  55 252 197 205  39 194 196 113  84   4   1 185   4 185  84  47 194 208 176 246 202 190   6 197 103  33 184 249 246 231 182  83  45 182 189  83  64  33 233  81  62 240  33 186 223 255 223  97  10 229 240  65 231 211 180 204  26 180 224 224  84 185 189 241 120  69 185 188  24 189 181 180 235 189 206  27  13  63 110 128 249  90  49  20  68  68  68  68 206   1   9   8 189 112 182   2 181 227  89 178  17 199 220  31 206 193 149 180 200   4 199 222 178 211  39 214 121  58  33 192  73  22
 10  72 238 234  32 241  64 250   6 144  39  43  39 227 234 238  51  94  49  51  49 238  51 203 146 234 243  29 222  16 253  79 123 224 224 112  39  61  76 170  71 249  75 217  73  56  78  31 200  49 179 146 196 146  30 191 146 167  32 145  44 193  64  73 125 201  47 247 146   5 246  57 249 184 150 137 128 196 150 154  91 170  13  30  43  98  72 144  31 197 166 195 195 195 195 207  30  79  36  73 225  14  10 239  46  29 155  41   1 233  64 166   3  63  65  32 136 144 117 234 204 207 114 155 176 184  31  55 191
 38  42 253 166 182 234 203 160 184 192 198 223  44 226 121 249 160 175 160 160 160 249  64 162  69   9 231 171  70 168 224  43 166 188 226 214 161 174   7 240  61 188 248 160 160  46 245  44 198  97 255 187  96 187  96  22  83 241  43  27 166 194 182 215 208  77 188 221  21 159 146   9  83 170 236 247 164 206 195  67 170 208 185 236 162 211 195  48 162 182 177 190 190 190 190   9 172 190 160 232 192  42  18  83  95  89  83 217 241 196 233 246 255 186 187 234 223 251  10  10 210 176 248 238 188  55   3 234 221
179  38 128  76 187  52   8 110 154 155  16 155 153 166 206 112 207 229 205 207 205 112 168  72  53 184  23 187  66  40  34 162 188  90 188   7  82  64  70 231  71  60  80   4  42  76  59  58 249 244  95   5  74   5  64  42  49  30  90  67 172 198 151  88  76   4 112 246 164  87  81 208 191  93 208  21  48  14  82  95 188  84 137 172  73 196  76  60 184  71  80 248 248 248 248 206  60  31  92 208 194  57  39  56  74  76  31 225 185  38 245  95 168 172  82 154  58 251  80  34  90  72  38 224 238  66  39  53  94
153 177 177 188 218 238 145  21 192 225  64 169 197  72 248 191 170 251 186 170 186 191 150 144 189 238 205 176 185 242 182 201 121   1 240 213 240 156 251 196 232  25 215 178  71 212 199 197 212 243  78 146 171 146 150 146 208 162 175 176  20 195 188 192  99  67  66  82 224  28  18 229  43 232 171   1 169 155  71 172 169 188  40  20 252 223 221 155 156 230  11  14  14  14  14 209 231 144 179 151 196 205 144 154 160 250 237 176 241  30 237 183   6 176 203 167 209 146 198 145  54  92  84  61  84  77  94 225 179
193 223  53 235  76 196 201 197 161  67   8 109  94  60 194 106  20 184 226  20 226 106  46 146 246 116 156 224 108   8 185  91  99 214 182 182 235 177 158 182 158  53 183 119 170  68 224 187 187 155  92 116 155 116 171 170 116 170 182 180 161 154 193 103 130 177 196 136 108  22 107 106  69   8 103  92 236 197 173 201 154  68 101 253 122  68 161  87  20 235   8  84  84  84  84 212 171 193 122 193 201 152 180 158 171 165 100   4 100  29 253 226 185  98  24  55  53 204 143   9 204  48 244  87  18 145 158  53  40
158 164 236 171 131 193 185 241  13 142 132 236 138 187 181 159 138 210 158 138 158 159 254 133 141 163 130 159 169 201  14  19 158 213 131 254 157  42 210 229 253 151 170 158 143 148 224 205 221   5 178 203 155 203 216 137 226 137 156 163  32 193 170  55 227 158 153 171 142 153 164 159 204 189 149  11 145 154 233 233  46 225 229 158 193 141 130 195 222 220  13 135 135 135 135 132  97  85  21  89  82  82  99 137  97  59 210  12 200 139 210 143 136  58 175  61 134 199  14 229 193 218  76  26 250 131 130 210 130
 86  40 122  52 251 123  78  57  88 118 102 127  98  96  40  74  93 110  62  93  62  74 126  76 178  34  96 242  33  37  38 118  90  28  97 114   3  27  93  69  93  62 113 117 236 180 251  11   6 195 133  47  53  47  38 120 106 106   8  44 221 115  61 103  48   9 123  19 226 124 188 194 146 223 184 193 238 180 124 172 172 190 173  10 236 138   2 230 163  24 198 204 204 204 204 254  17 120 101  67  28 125  85  36 189 114  77  82  13 123 177 150 225 187 198   2 188 230 230 115 127 216 211 100  52 127 201 103  15
127 150 227 186 174 132 148 124 171 151 145 122 174 159 134 138  56  61  49  56  49 138 160 168 160  46  12  29 238 201  18 178   1 236 155 135  36 218 136 213 138 194 197 171 132 161   0 242  32 140  34 254  62 254  86 186 148 227 241  54 184 173 183 194  89 203 185  42 240 172 175   9 126  33  12 239  13  23 174 138  13 253 120 124 151 208  32 155 119 130 172 126 126 126 126 185 153 140  59 201 141 113   8 207 192 215 116  93  32 129  75 220  37 155  12 236 228 121 127 157 178  81 128 249 121 171 183 166 167
 39  54   3 120 193  49  72 243  34  76 245 124  33 127  53  46   3  64 106   3 106  46 107  89  44  98 125 140 155 111  51 215  71  89 132 115  27 136 121 136  63 116  60 198 142  37 135 137   5 139 138 227 141 227  60  82  76 197 247  40 167 167 219  84  93  70  87  66 114 110  43 117 128 103 206  27  43 100  74 100 105  97   6  48 231 255  97 234 114  53  57 112 112 112 112 207 125  41  35 104  37 127  42  97 140 235 198 233  42 123 134  86  64  95   7  67 119   4  18  67   6 158 136  47 125 106 191 142  24
137  19 127 100 178 118 227  19  61 123  53 182 158 204  40 166 178 145 242 178 242 166 195 125  20  69 136 111  38 156  22 189   2 233  54  81  65  52 190 253 190  81 125   4 175  75 193   4 200  57  57  44  27  44  44  18   9  18  18  41  52 190  73 111 201 188   2 101  49  27 172 251 167 126 114 222  49 218 127 211 206 133 175 200 202 190  79 127 232 163 118 182 182 182 182  72 132 246 252 136 242 178 127 158 253  63  27  79 221 166 134 123   4  47 201 251  60 237  52 230  65 144 214 133 179 186  54 101  66
203  12  18 115  38 139  66  86 109 218 128  48 252  27 138 121  12 128 115  12 115 121 153 249 176  48 246 212 252 153 220 123 107  66 101 100  85 159 125  45  88 146 137 133  86 250 144  78  93 128 217  41 150  41 131 105  56  91 149 159 199  43 239 243 246 198 196 167  68 254 204 123  57  64 154 113 123  83 102   8  95 154  48 234  89 255 246 139  85 121  98 139 139 139 139 159 238  49  45 193 196 201 107  49  60  25 119  87 136  13 123 137   8 202 101 217 126  48  21  21 224 239 194   4   4 153  48  78  37
 82  41 192 213 130 174 221 138  98 212 202 108 100 133 158 201 173  22 222 173 222 201  94 215 104  82 111 105 229  88  80 164 169 135  31 202 102 126 230  88 135  35 138  54  86 137  91 145 124 111  82 152  95 152 121 179 121  99 215 204  92 102 212 178 177 145 233  98 165  97 160 226  81 126 253 236  19 249  18 211 126  45 130 168 131 111 123 118 189 117 201 115 115 115 115 119 151 116  98 102 211 127 154 109 127  97 113 211 225  94  81 109 252 250  65 207  35  93 135 147 157 154 160 193 212 156 168  88 138
 38 229 218  47  24 213 212 170 247 126 168 170 175 130 143 170 125 169 160 125 160 170 140 143  78 174 166 172 141  99 171 161  47  62 235  23  20 217  61  75 123 153 162  42  33 146 122  28 155 118 144  37 210  37  57  31  22  47  72 146 104 158  91  97  52 189 215 198 142 123 155  64 172 171 153 143 144 125 173 152 174 169 173 166  20 134 146  76 248  41 147 166 166 166 166 114 152  50  10 151 173 137 153 151 223  48  29  38 157 171 164 169  84 182 170  93  97  30  41  45  76 122 218  57 114 172  85 234  85
111 195 201 143 177  17 187  43  25 152 164  67  85  73  68 149  83 122 108  83 108 149 157 132 166  71 127 148 198  65  68 230 203  46 167 244  31   5 188 167  13 170 177 170  67 156 152  81  64 176 219 189 117 189  64  84 154 154  47 136  86 148 122  68 214  78 147 131 102 225 198  98 169  87  68  82  24  71  80 112 146  26 116 119  67 229 117  17 107  72  94  77  77  77  77  33  79  74  98  85 179 105  79 197 144   3  74  32  95 128 137   4  79 173 101 116 189 166 151 117  76   5 135 190  82  73 156 100  82
129 185 155 184 119 180  61 105  31  43  14  82  13  82  42   5 122 112  74 122  74   5 103 201  94  63   0  29  61  68  69  83 125 173 186 186 187 168 138 189 122 185 125 172  81  47 132  62 175  80  68  45 121  45 121 184 186 162 186 191 138 170 138  71  95  54 183   4 183  13 123 106  85   2 132  92 148 153 181 188 151 146 163  83 125 250 171 225 130 116 154 173 173 173 173 178 158 138 139 163 136  80 182  58 184 117 177 179  72 127 173 190 248 101 174 234  91 185 173 190 191 128 179 159 134  83  87 144 177
205 137   9 106 189 255  82 146  53 193  50 101  58  59  94  87   8 143 247   8 247  87 143 123 123  74  89  13  79 116 125  84 248  10  48  96 115 139  79 120 120  65  86  80  98  57  54 102  94 150 117  87  97  87  75 127 180 128 231 211  48  69  58 163  67  77  49  52  71 159 164  53 120 121 216  98 191 190  53 125  58  55 134  53  90  81 112  50  66  67  55 108 108 108 108 196  87 221   2 231 162 197 140  23 108 105  99 134  80  52  75 113 231 107 211 120 206 198  75  52  73 113  85  91 251 110 101  82 179
178 170 193 141 199 182 193 169 206  54 139 181  62 161 127 160 228  25  18 228  18 160 217 154 135 199 203 122 176 165 204 149 205  78 205 161  58 179  55 193  78 202 139 199 176 145 108 172 188  39 205 203 206 203 163 105 183  47 161 180 149  97 160 207 166 198  70  54 150 108 170 193   9 167 135 191 166 191 200 185  99 202 192 182  65 191 158  64  85 201 251  34  34  34  34 145 205  91 189 168 143 199 194 201 137 175 206 133 171  44  56 193 164 187 166 183 247 145 219  76  71 102 196 142 191 132  16 141  72
162  67 120 144  92  66 193 102 157  85 248 157 239 197 243 182 210 251 193 210 193 182 218 100  93 110  34 144  85 156 183  56  18  88  45  88  60 198  40  42 207  98 134  39 102 163 193 206 128 236 248 209 177 209 243  84  51 226 198 143  43  97 146  40  79  59  41  32 182 207 151 218  65  84  94  70  56 139  64 177  88 188 164  95 206 162 152  74 143 181 218  59  59  59  59 168 122 222 227 222 251 177 223 227 226 228 249 128 105 128  94 222 106 120 164 169  89 139 104  89  89  81  85 183  66 104   4 155 251
222 184 179 157 223 173 126 204 204 159 222 142 220 170 160 198 222 210 220 222 220 198 114 211 157 147 159 222 210  64 199 217 107  95 187 177 178  84 218  28 218 115 215 200 150 254   0  60 191 255 159 150 128 150  84 191 176  86 191 220 201 192 166 223 173 213 222 145  53 212 209 129  33  15  62  49  85  28  13 177 245  61 158 117 177 191 221 156 183 209 153 117 117 117 117 158 140 213 173  97 210 154 154   9  68 219  54 221 171 179  93  13  72 120 218 171 218 206 148 202 213 184 192 183 212 105 189 144 193
199  21  90  68 143  21 161 187 205 161  33 161 154 131 158  40  39 110  31  39  31  40  31  52 154  19  78  21  23  38  71  32 143 212 202 154 140 163 209 177 179 179  52 100  18  54  55  20  37  33  44  44 101  44  24  35  16  48  39  28  26  61  21  35 238   0 223 223  70  68  18  55  40 151 110 203  47 125  69  70  18 162 193 197 232 185 252  67  86  16  22  25  25  25  25  90  26 153  51  42  76  74  20  99  93  22  30 113  56 123 156 144  58 233  41 101  19 101 155 185 111  89 114 214 159  17  42 205 185
175 127 183 117 105  48 117 192  85 218 152 174 127 128 122 218 162 210 218 162 218 218  78 167 161 114 219 202 192  38 183 150  24 170 196 199 170 125 222 110 155 239  84 201 124 113 210 150 230 125   6 195 207 195 194 228 234 196 233 134 239 233 233 150 224 144 114 223 125 134 179  78 118 134 184 122 150 141 133 194 150  66 141  69 166 204 139 144 129 242 244   1   1   1   1 118 244 156 248  74   2  25  88  46  48  77 175 184 183 132 118 194  79 141 124  60  56 218 118 166 181 193  73 110 154 163 181 101   3
